.Random.seed <-
c(10403L, 10L, 856505626L, 952159845L, -1396882689L, 2024937350L, 
343009552L, -952182349L, -628784559L, 1769214464L, -806383906L, 
-1606499031L, 1408321755L, 1948225514L, -837701748L, -238690097L, 
421617797L, 999596860L, -1952179694L, 1030861069L, 919779911L, 
158474286L, 771544456L, 1549020299L, -436042135L, -1692706248L, 
-704148762L, -1431263615L, -236983789L, -1265742398L, -1711438220L, 
167385207L, -275981971L, -427647484L, -936620758L, -1263916395L, 
-148135633L, -517327818L, 51368032L, -70879581L, -1635274303L, 
-1110291024L, 94602446L, 1928000057L, -367000501L, -1222228486L, 
-598425348L, 1314805055L, 1417161237L, 1882153260L, -1507536382L, 
-2083086115L, -1517636649L, 801853118L, -1392756488L, 1089472219L, 
1882242361L, -1347204984L, -1730179018L, -569383823L, -335737181L, 
-4561934L, 194238276L, -390637561L, 1221752285L, -290704684L, 
470040058L, -682708667L, -233482849L, -1884805338L, -1430149200L, 
-2049768365L, 1516994417L, -698272096L, -1981015490L, -1203637943L, 
121737211L, 1716016074L, -584225492L, 18374959L, 1468698597L, 
-1153511780L, 2144754418L, -1229563027L, 2021188775L, -155713842L, 
-806341592L, -1061812181L, 507529801L, -779967656L, -233329146L, 
294402017L, 510625139L, 1235627490L, -388439724L, 1135759447L, 
432766029L, -523882524L, 1004035530L, 371975221L, -677567857L, 
631790486L, -337451200L, 1088195075L, -480645087L, 2027395856L, 
-1257457426L, 743946393L, 1070230827L, 155829274L, -122800420L, 
1761517279L, -1379215179L, -988565940L, -149146974L, 1463269885L, 
-1809214729L, 475755550L, -1800290600L, 1202586171L, 1126744025L, 
-2045352600L, -805738L, 1658548753L, 304237507L, -222226478L, 
1729716836L, 892412327L, 1529601789L, -62436620L, -1105797670L, 
1156608293L, -1694447553L, -1086789690L, 248626256L, 357044339L, 
-1707064175L, -1159007040L, -800311650L, -529593751L, -1633867109L, 
278824874L, -1671433268L, 1950486159L, 1173835461L, -1815435652L, 
-874378542L, -1364910515L, 1538552583L, -1931086098L, 1216721864L, 
-1745869621L, 102399273L, -944239240L, -1118195034L, 1375081665L, 
725640531L, -528489982L, -759784652L, 1834596535L, 2039021741L, 
-555131452L, 1516867050L, 415543893L, -1882981393L, -144679946L, 
510520608L, 1660273379L, 421286785L, 312460784L, 2069478542L, 
-1032322055L, 89317771L, 1139817914L, 1497629884L, -318326785L, 
-303803051L, 233883244L, -430279998L, 434681117L, -1478784105L, 
863272702L, 1748516024L, 1137028763L, 539983097L, -808206776L, 
2113255798L, -1577869135L, 1127257315L, -349576270L, 1672043524L, 
1621614407L, -753863139L, 652086420L, -350766022L, 50902661L, 
995854175L, 744540134L, -1037702544L, -727859821L, 912919089L, 
-1257477920L, -900775554L, 961389577L, 1284531259L, 94374410L, 
-1718382100L, 1484310127L, 311339429L, 2045448540L, -1817924302L, 
1468675117L, -1093088537L, 1778901006L, -195816984L, 853980139L, 
-946631543L, -1959987176L, -1268676794L, -526199391L, -736342989L, 
1056424354L, 561984660L, -1880227049L, 208964877L, -400790492L, 
-710583286L, -296787595L, 233003215L, 1897115388L, -1305648236L, 
-1029736382L, -2003106560L, 334947388L, 835363152L, -782866270L, 
-689383096L, -450189556L, 1440895708L, 1090145618L, -1179427712L, 
-898097068L, 476280808L, 911687930L, -2094961840L, -1758830804L, 
-1193895564L, 1255574418L, -1480447904L, 1428186508L, -1460552864L, 
-472380958L, 449440680L, -1342956340L, 794916860L, -1267399246L, 
1244196336L, -137323580L, -224387752L, -890916486L, 138587056L, 
-1746370116L, 372500564L, -11939902L, 1564694560L, 122837180L, 
628818512L, -1254659102L, 890210408L, 1447304268L, -1604847364L, 
-13378574L, 1825667328L, -256745100L, -1690459128L, 1918713786L, 
-363032112L, -1439466516L, 1448884628L, -328941102L, -1224511136L, 
-1853149364L, -977360608L, 584120194L, 983150312L, -730259220L, 
1314382908L, -1797629070L, 18777712L, 287329316L, 766026552L, 
833674394L, 1749396176L, 54026428L, 2132754068L, -1179849086L, 
469293248L, -1875412164L, 1102449808L, 20520482L, 2119540744L, 
-394640116L, 1178109084L, 627531282L, -588836992L, -599988716L, 
-1840872920L, 716254522L, 282313168L, 1402879084L, 644929844L, 
2102210194L, 1580454752L, -520461492L, 279099360L, 1494276002L, 
1509193640L, -479490676L, -112922436L, 182210930L, -647279376L, 
-670756796L, -1027786408L, 1742929466L, 1553603440L, 1214847036L, 
-463743212L, -1515635262L, -2080369952L, -1797394564L, -118186288L, 
-1327664990L, -33840088L, -1049508596L, -1868869700L, 1107669298L, 
-1174867520L, -1560774092L, -199396408L, -489746246L, 113502608L, 
-1940895252L, -672089516L, -19945326L, -2132072672L, -936128052L, 
-41138720L, 232732354L, 139787304L, -336831828L, -784894788L, 
1056842226L, 1675567408L, 1107393700L, -1600532808L, 2049060186L, 
1286696336L, -665232516L, -1546419948L, -522366142L, 1793559296L, 
368293820L, -1937103024L, -1454148830L, 1946744136L, -1828404724L, 
1930360924L, -284699438L, -1614388736L, -1803610796L, -1175658008L, 
507038714L, 519237840L, -2035421908L, 1752105716L, 633319826L, 
520889440L, 1112468748L, 429277920L, 2109436258L, 659626664L, 
-1956142516L, -1350055556L, 1601010994L, 332210288L, -1283932348L, 
-1710369320L, 214367354L, 979013168L, 204116668L, -1704888492L, 
-519973822L, 1408245152L, 1357253308L, -1818619440L, 1742132578L, 
-1669464088L, 1644003276L, 1819019004L, 1212602866L, -495923072L, 
1452891380L, 2114805384L, -1543467206L, -248382640L, -366682516L, 
-1677518700L, -1603671726L, -237054240L, 485038796L, -902909792L, 
624319362L, 360436456L, 309801708L, 12684348L, 1577142898L, 1978451056L, 
616914468L, -703185864L, -1487443942L, -1582277936L, -743461828L, 
-834984812L, 766925954L, -102219840L, -850562756L, 208026256L, 
387736610L, 293913608L, -680286068L, -874531812L, 1767370386L, 
-237689728L, -1251725292L, -1240580824L, 1998548538L, -1533195056L, 
-1432329108L, -1091599692L, -398536686L, -744990752L, -13903924L, 
-747930144L, -826780126L, 1053262120L, -101132020L, 1917724220L, 
-194318094L, -460029200L, 220365636L, 399995480L, 826825274L, 
1187643120L, -1921055556L, 559388180L, 193984706L, -1590506166L, 
-1148631704L, 788384593L, -478549949L, -755420860L, 1920453106L, 
230808519L, -2119684719L, 476971286L, 1161400692L, -1251883003L, 
-1735323569L, 6132808L, 1970096614L, -121399533L, -2087485323L, 
1585365586L, -854219616L, -426869367L, -1402532421L, -802244084L, 
-589352038L, 367188751L, 1716410713L, 2035100654L, 1919824508L, 
2084541165L, 1599292823L, 220348000L, -1519000514L, 1048962315L, 
487118733L, 533832890L, 1226400504L, 1317451937L, 1235180627L, 
-1165586572L, 2041134338L, 1826227607L, 1979973473L, -985437274L, 
-2103294556L, 1350925397L, 2016612607L, 1259668888L, -1812287818L, 
-956772541L, -898088315L, 481707810L, 115061776L, 1496086457L, 
-2125301653L, 770134876L, -649026934L, -147276161L, 258568137L, 
1640744030L, 1438338828L, 28602077L, 693016551L, -1565443056L, 
1098797358L, -331835941L, 1238817469L, -1979498454L, 418969800L, 
1621941745L, 1658153827L, 107277156L, 210854546L, -283467929L, 
1860415793L, 1083595382L, 1183386516L, -585818203L, -1543958353L, 
1960250728L, -2011321018L, -664662797L, 110367317L, -1705923022L, 
147352576L, -468377367L, 1187534683L, 1923625388L, 1193365946L, 
-1380683921L, 1321832697L, 314664334L, -1742399396L, -825345331L, 
-1636999625L, 9798848L, -1481344098L, -1652635541L, 1405708269L, 
-290821542L, -1784935144L, 1636416129L, -1616648141L, 1024118356L, 
-1214485918L, 1241464055L, -1875744959L, 1956619718L, -1377798396L, 
-1387740491L, -36069985L, 374559224L, -2115248170L, 1386543715L, 
1290011173L, 1107036610L, -1900933456L, 1975088857L, -375672757L, 
796905148L, -200254230L, -1399322337L, 951048617L, 1835106110L, 
-890402260L, -1943160707L, 188123847L, -673647696L, -1023334962L, 
-1812654341L, 69717341L, 650626698L, -479902552L, 435617809L, 
267211011L, -1673610236L, -1194789838L, 570096775L, 2044426449L, 
339630678L, 296763956L, 1251338565L, -1308740721L, 2109421320L, 
-265723610L, -592387629L, 908323637L, 912763538L, 662605408L, 
-1116596279L, 477128443L, -952604468L, 2004148570L, -717992881L, 
